6.964691855978616397e-01
2.861393349503794648e-01
2.268514535642031094e-01
5.513147690828912317e-01
7.194689697855630728e-01
4.231064601244609591e-01
9.807641983846154821e-01
6.848297385848632901e-01
4.809319014843609352e-01
3.921175181941505272e-01
3.431780161508694027e-01
7.290497073840416231e-01
4.385722446796244123e-01
5.967789660956834830e-02
3.980442553304314179e-01
7.379954057320357030e-01
1.824917304534999785e-01
1.754517561474925325e-01
5.315513738418383705e-01
5.318275870968660612e-01
6.344009585513210592e-01
8.494317940777895704e-01
7.244553248606352414e-01
6.110235106775828706e-01
7.224433825702215595e-01
3.229589138531782089e-01
3.617886556223141037e-01
2.282632308789556141e-01
2.937140463888293640e-01
6.309761238544877582e-01
9.210493994507518156e-02
4.337011726795282351e-01
4.308627633296437942e-01
4.936850976503062149e-01
4.258302902958279734e-01
3.122612229724652799e-01
4.263513069628082075e-01
8.933891631171347880e-01
9.441600182038796252e-01
5.018366758843365583e-01
6.239529517921111879e-01
1.156183950792957216e-01
3.172854818203209026e-01
4.148262119536317849e-01
8.663091578833659323e-01
2.504553653965067017e-01
4.830342642627043492e-01
9.855597856107050081e-01
5.194851192598093359e-01
6.128945257629676568e-01
1.206286659903237357e-01
8.263408005068332285e-01
6.030601284109273763e-01
5.450680064664649160e-01
3.427638337743084129e-01
3.041207890271840908e-01
4.170222110247016056e-01
6.813007657927966365e-01
8.754568417951749115e-01
5.104223374780111344e-01
6.693137829622722856e-01
5.859365525622128867e-01
6.249035020955998609e-01
6.746890509878248343e-01
8.423424376202572894e-01
8.319498833243876845e-02
7.636828414433382006e-01
2.436663745368740086e-01
1.942229605787708646e-01
5.724569574914730730e-01
9.571251661238711073e-02
8.853268262751395890e-01
6.272489720512687272e-01
7.234163581899547557e-01
1.612920669501682891e-02
5.944318794450424992e-01
5.567851923942886971e-01
1.589596441447227448e-01
1.530705151247730988e-01
6.955295287709108987e-01
3.187664263818763555e-01
6.919702955318196569e-01
5.543832497177720864e-01
3.889505741231445990e-01
9.251324896139860865e-01
8.416699969127162673e-01
3.573975666831762377e-01
4.359146379904055291e-02
3.047680734110974621e-01
3.981856819179809825e-01
7.049588304513622061e-01
9.953584820340174444e-01
3.559148657174595609e-01
7.625478137854337923e-01
5.931769165622211570e-01
6.917017987001771173e-01
1.511274523480802268e-01
3.988762927261565450e-01
2.408558977236244791e-01
3.434560140483249313e-01
