0.3919045553688647
0.46829718411498145
0.543328551289358
0.3297112636686035
0.3680009495431007
0.5784300543770883
0.5513428515386306
0.0028107959726724197
0.7379064565161486
0.3031918813597252
0.8399601458598843
0.6074155076169689
0.6973054329569782
0.28799428934797044
0.5193402617883465
0.5206439953953101
0.09330379049168314
0.3680102102100611
0.17966912902849197
0.5183277755649984
0.1233304873938923
0.47458903284749354
0.4521060762689798
0.288211359729578
0.3700372586030738
0.7218173388560569
0.9961966898955897
0.9022714957343406
0.9673213221623953
0.9761638668478383
0.7619141132697959
0.2763845971579729
0.980734816227901
0.9269645911562422
0.8993880893476941
0.14472071196251368
0.6649699232990428
0.33372633920942507
0.7807189472887776
0.4366985059024403
0.22607401092612922
0.7766003744547847
0.7464083158404063
0.7472376054366869
0.18739473183680344
0.7890340790580408
0.5679422313752076
0.07007554052598963
0.8755090230052172
0.5036865755145897
0.017357683579906857
0.6353752559081903
0.729472265525822
0.3362293164717056
0.8151855711088082
0.3934554819494449
0.402839377991303
0.26406214817942764
0.8067377692861466
0.7897587047279645
0.07668148573475564
0.9866328692153195
0.4436348943139502
0.6852904860170992
0.9834676546742795
0.3110960378253317
0.11759347336097115
0.0036525529012936264
0.5880925667796589
0.2871517929885836
0.34264891273208564
0.07600019782698342
0.24281553133906897
0.3179861045650515
0.9743889746373483
0.9370040610467666
0.6860746659619756
0.08185670143453638
0.3560185876503478
0.5393659133874056
0.22033461384695707
0.47060735340174853
0.593498970451733
0.2056436281623667
0.6270060327342066
0.16766564801211226
0.08733951706490117
0.9281576712016936
0.7254166298538459
0.8257043838821176
0.8440058643970274
0.17387679663255806
0.7171391158342861
0.45632363193372094
0.2614685087317177
0.6303584765946191
0.438857388103741
0.7706860165960775
0.46096365348381807
0.7920288517533939
