0.39540577953308265
0.14428501492676327
0.0967730274219637
0.5859079211494904
0.01132721344872345
0.9520923120986542
0.587405641586213
0.8888341438332412
0.055405300484178466
0.44429806446913356
0.7015008742517016
0.5650266362398267
0.47436252374010734
0.9200194162131972
0.5615102924687602
0.8272080235341193
0.014867341724477567
0.8924972347193251
0.9097434550252825
0.4556868245732375
0.8126250111437839
0.212064472620358
0.4254027356693386
0.5368535334512957
0.6715896706188205
0.6516204378504539
0.9206805996554057
0.5315258268333279
0.559570641334483
0.587531706203189
0.4575197499316861
0.2198957354016473
0.174502535503552
0.05666929768532758
0.008758508300972356
0.2195558065103983
0.26440840369301155
0.363104518064728
0.6156354198921711
0.23239724247204752
0.2024704488359853
0.5629521121102953
0.9952194561659534
0.5289754939213793
0.14338836247524112
0.3184976427852837
0.7605033914017296
0.25214381158510857
0.7424570022189954
0.9863419442908908
0.9176330011952395
0.42262822345701134
0.15762837107526373
0.38998239611884855
0.5072007084449468
0.9534213037942905
0.4135935496018388
0.05005850936117617
0.7182858479585449
0.16138283990852065
0.619724653835165
0.03282633155956227
0.5915936151920871
0.5985506674960461
0.7520824901730238
0.41941358294440034
0.07983079928908376
0.631308813451588
0.7446143925918519
0.12117954468707892
0.9986050345871161
0.11948524417338102
0.7841054179991822
0.8631041120762611
0.5734546142814061
0.9059818453406782
0.3191270324958668
0.39322812335457724
0.5733823649222121
0.43674099917469134
0.26247853706807966
0.10630973955744372
0.16163349247865644
0.003170125814746516
0.4972584733329313
0.7490233496771896
0.07894825858578336
0.8812523729157256
0.96570620922785
0.5826618800556556
0.3769051767850289
0.42965325920030617
0.9141485746530599
0.47500951981562567
0.8021124853539039
0.11781231128765146
0.04909373743800893
0.462220902536024
0.5568766773678456
0.9435195617979948
